                   MONTHLY CLIMATOLOGICAL SUMMARY for  2021


NAME: MHI Platform                  
ELEV: 23 meters    LAT: 44-23.56 N    LONG: 033-59.07 E


                   TEMPERATURE (C), RAIN (mm), WIND SPEED (m/s)

                                         HEAT   COOL         AVG
      MEAN                               DEG    DEG          WIND                   DOM
DAY   TEMP   HIGH   TIME    LOW   TIME   DAYS   DAYS   RAIN  SPEED   HIGH   TIME    DIR
---------------------------------------------------------------------------------------
 01   26,1   27,7  16:09   24,9  05:40    0,0    7,8    0,0    2,7   10,3  19:06    289
 02   26,7   28,1  16:14   25,2  08:01    0,0    8,3    0,0    3,1    9,4  17:52    260
 03   27,6   32,4  17:40   25,6  03:37    0,0    9,2    0,0    5,0   13,4  18:23    277
 04   26,6   27,7  07:28   26,0  21:23    0,0    8,3    0,0    3,8    8,9  10:19     69
 05   26,6   27,7  23:13   25,9  03:13    0,0    8,3    0,0    3,1    7,6  10:07     70
 06   27,4   29,2  12:10   26,3  02:41    0,0    9,1    0,0    5,7   12,1  09:17     74
 07   28,5   31,1  12:49   25,3  03:16    0,0   10,2    0,0    6,5   19,2  10:14    341
 08   27,4   31,1  15:19   25,6  00:08    0,0    9,1    0,0    4,1   15,2  01:48     22
 09   26,2   27,6  15:02   23,4  10:36    0,0    7,8    4,6    4,1   13,9  12:27    260
 10   25,7   28,8  03:49    1,3  15:45    0,0    7,4    0,3    2,8   11,2  00:32     59
 11   26,1   28,6  18:01   24,4  14:43    0,0    7,7    5,8    2,4   10,3  12:21     75
 12   27,6   29,8  13:20   25,3  03:28    0,0    9,2    0,5    5,6   23,7  23:56      1
 13   26,0   27,2  14:30   24,8  05:46    0,0    7,7    0,0    8,9   25,5  00:41    353
 14   25,1   26,1  00:02   23,2  06:34    0,0    6,7    0,0    5,6   19,7  00:18     21
 15   25,6   27,4  17:25   23,3  05:06    0,0    7,3    0,0    4,4   12,5  07:57    337
 16   26,2   28,0  18:49   25,2  00:07    0,0    7,8    0,0    3,7   17,4  03:59    246
 17   25,4   27,2  02:20   24,3  22:41    0,0    7,0    0,0    3,0    8,0  09:12     74
 18   25,2   28,2  20:27   22,7  06:01    0,0    6,8    0,0    3,5    8,9  17:02    270
 19   26,4   29,6  15:34   24,4  23:58    0,0    8,0    0,0    5,5   19,7  21:48    343
 20   23,4   25,1  15:01   21,4  11:51    0,0    5,1    1,0   10,9   23,2  18:50    317
 21   25,3   27,7  13:35   22,7  06:36    0,0    7,0    0,0    4,8   14,3  01:52    303
 22   25,1   26,2  22:51   24,1  06:11    0,0    6,8    0,0    2,5    8,0  22:48     26
 23   25,9   27,2  16:20   24,7  00:46    0,0    7,6    0,0    2,8    8,0  05:22    353
 24   25,9   27,1  18:35   24,0  02:53    0,0    7,5    0,0    5,0   12,1  10:24     70
 25   25,6   27,3  08:02   24,2  05:50    0,0    7,2    0,0    2,7    6,3  21:50    345
 26   25,4   27,1  19:22   23,8  05:57    0,0    7,1    0,0    7,5   14,8  12:58    258
 27   25,1   26,3  00:03   24,0  02:19    0,0    6,7    0,0    3,7    6,7  01:56     60
 28   25,7   28,5  21:10   23,7  05:48    0,0    7,3    0,0    6,6   12,5  17:53     72
 29   28,7   30,8  09:04   26,4  02:11    0,0   10,3    0,0   12,3   18,3  04:31     80
 30   27,9   31,9  15:02   25,3  06:27    0,0    9,6    0,0    6,4   18,8  23:06    300
 31   27,3   29,6  14:37   25,4  23:31    0,0    9,0    0,0    8,0   21,9  02:46    316
---------------------------------------------------------------------------------------
      26,2   32,4     03    1,3     10    0,0  245,1   12,2    5,0   25,5     13      6
    
