                   MONTHLY CLIMATOLOGICAL SUMMARY for  2022


NAME: MHI Platform                  
ELEV: 23 meters    LAT: 44-23.56 N    LONG: 033-59.07 E


                   TEMPERATURE (C), RAIN (mm), WIND SPEED (m/s)

                                         HEAT   COOL         AVG
      MEAN                               DEG    DEG          WIND                   DOM
DAY   TEMP   HIGH   TIME    LOW   TIME   DAYS   DAYS   RAIN  SPEED   HIGH   TIME    DIR
---------------------------------------------------------------------------------------
 01    9,7   11,6  23:21    7,7  01:05    8,6    0,0    3,3   10,2   21,0  15:13    257
 02    6,2   10,6  00:00    2,7  19:26   12,1    0,0    0,5    5,8   23,2  05:11    306
 03    8,0   12,4  23:59    2,9  00:15   10,3    0,0    0,0    8,6   21,0  16:42    262
 04   10,7   12,9  03:51    8,6  22:45    7,6    0,0    0,5    7,5   21,5  11:15    280
 05   10,9   12,2  21:54    8,7  00:00    7,4    0,0    0,0    7,8   19,7  15:28    262
 06   12,5   13,1  04:37   11,3  00:12    5,9    0,0    0,0   11,0   18,8  13:04    263
 07   11,1   16,5  07:43    8,6  20:00    7,3    0,0    0,0    6,2   13,4  00:26     68
 08    6,8   11,2  22:51    5,3  10:45   11,5    0,0    0,0   12,8   19,7  11:21     71
 09   10,1   10,7  05:54    8,8  00:05    8,3    0,0    0,0    8,8   18,3  01:08     78
 10   10,5   13,9  14:35    9,2  00:54    7,8    0,0    0,0    5,8   13,9  15:49     68
 11    8,8   11,4  00:19    5,6  23:51    9,5    0,0    1,5    1,7    5,8  01:53    248
 12    3,2    5,6  00:00    0,7  20:24   15,1    0,0    1,8    4,0   10,7  20:05     18
 13    1,3    3,7  16:43   -0,8  07:29   17,0    0,0    0,0    4,8   15,2  09:30    343
 14    5,4    7,2  21:12    1,4  00:00   12,9    0,0    0,3   14,1   29,5  23:23    265
 15    4,9    7,3  03:35    2,6  20:38   13,5    0,0    1,0    8,5   26,8  01:34    297
 16    4,0    4,7  23:44    3,3  02:50   14,3    0,0    0,0    7,2   21,0  12:37    337
 17    6,1    8,2  21:31    4,3  00:32   12,2    0,0    0,0   10,5   21,0  21:16    248
 18    2,5    6,9  01:10   -1,8  17:07   15,8    0,0    2,0   11,1   30,0  09:16    314
 19   -0,3    1,8  13:23   -1,2  03:25   18,6    0,0    0,0    9,2   25,0  06:40    355
 20    4,0    8,0  23:55   -0,2  02:14   14,3    0,0    0,0    7,9   18,3  17:24    250
 21    7,0    8,9  02:29    3,2  23:57   11,4    0,0    2,3   11,3   21,5  03:29    282
 22    2,0    3,7  05:10    0,5  11:44   16,3    0,0    3,3    4,4   19,2  00:13      8
 23    1,5    4,4  11:01    0,3  06:39   16,8    0,0    0,5    6,0   20,6  22:37      0
 24    1,2    3,7  14:22   -0,5  22:26   17,1    0,0    0,0   10,8   26,4  03:12    350
 25    1,2    2,4  15:28    0,0  22:52   17,1    0,0    0,0    6,2   16,1  00:00    289
 26    1,3    2,6  12:59   -0,7  02:11   17,0    0,0    0,0    4,9   13,4  09:51    324
 27    2,4    4,5  12:41    0,3  18:37   16,0    0,0    0,0    5,1   17,0  18:34    343
 28    5,0    7,4  12:36    1,6  04:01   13,3    0,0    2,0    8,0   20,6  22:52    248
 29    6,1    7,2  09:11    3,7  19:55   12,3    0,0    0,0    8,4   19,2  21:56    276
 30    5,4    6,8  14:36    3,6  19:42   12,9    0,0    6,6   11,0   22,4  18:20    243
 31    6,4    8,0  11:51    4,2  00:00   12,0    0,0    2,8    6,6   16,1  20:48    265
---------------------------------------------------------------------------------------
       5,7   16,5     07   -1,8     18  392,4    0,0   28,4    7,9   30,0     18    293
    
