                   MONTHLY CLIMATOLOGICAL SUMMARY for  2022


NAME: MHI Platform                  
ELEV: 23 meters    LAT: 44-23.56 N    LONG: 033-59.07 E


                   TEMPERATURE (C), RAIN (mm), WIND SPEED (m/s)

                                         HEAT   COOL         AVG
      MEAN                               DEG    DEG          WIND                   DOM
DAY   TEMP   HIGH   TIME    LOW   TIME   DAYS   DAYS   RAIN  SPEED   HIGH   TIME    DIR
---------------------------------------------------------------------------------------
 01    5,5    6,9  20:07    4,4  10:50   12,8    0,0   21,3    4,6   13,9  21:04     55
 02    5,2    6,0  17:46    3,9  00:58   13,1    0,0    0,5    4,2   11,2  00:34    243
 03    6,2    8,3  14:36    4,7  05:58   12,1    0,0    0,0    3,0   12,1  16:37    349
 04    6,1    7,4  12:34    4,6  18:06   12,2    0,0    0,0    7,0   17,9  09:19    291
 05    5,4    6,8  11:22    3,9  22:57   13,0    0,0    0,5    7,8   18,8  19:45    276
 06    3,7    4,8  09:03    3,0  22:39   14,6    0,0    0,0    5,7   12,1  06:27     45
 07    3,6    4,5  12:55    3,0  03:55   14,8    0,0    1,5    5,8   12,1  10:53     65
 08    3,4    4,3  09:14    2,2  06:16   15,0    0,0    0,3    5,6   19,2  07:27    309
 09    1,6    3,8  08:59  -39,9  17:13   16,8    0,0    0,3    3,7    9,8  03:09     34
 10    0,7    3,4  13:00   -1,8  22:32   17,6    0,0    1,5    5,4   18,8  21:51    355
 11   -1,1    0,6  18:37   -2,7  07:53   19,4    0,0    0,0    4,7   13,4  00:29      9
 12    0,8    2,7  09:06   -0,8  05:24   17,6    0,0    1,8    2,3    8,0  22:31     39
 13    1,7    3,1  11:15   -0,1  05:44   16,7    0,0    0,0    4,1   10,3  07:35     28
 14    2,0    3,8  15:22    0,7  02:36   16,3    0,0    0,0    3,9    9,8  08:39     45
 15    5,5    9,0  15:43    2,7  01:45   12,9    0,0    0,3    5,3   15,2  15:33    313
 16    3,7    7,9  00:36    1,3  23:51   14,6    0,0    0,0    7,7   18,3  01:22     57
 17    0,5    1,7  17:12   -0,8  13:56   17,9    0,0    0,3    5,7   15,6  22:31     35
 18   -0,3    1,9  17:21   -3,0  06:31   18,7    0,0    0,0    8,5   17,4  05:46     33
 19    1,9    5,1  23:10   -0,7  05:03   16,4    0,0    0,0    6,5   19,2  22:23     46
 20    3,9    5,9  14:12    1,6  06:52   14,4    0,0    0,0    3,1   12,1  09:09     29
 21    5,7    8,4  23:53    2,9  03:22   12,6    0,0    0,0    2,7    7,2  09:33    284
 22    8,2    9,6  13:32    6,7  05:29   10,2    0,0    0,0    8,3   21,9  22:31     63
 23    8,6    9,9  21:47    7,1  02:23    9,7    0,0    0,0    5,7   25,9  09:23     64
 24    7,3    9,7  00:00    4,6  23:44   11,1    0,0    0,0    0,0    0,4  04:22    N/A
 25    6,3    7,2  23:09    4,6  00:17   12,1    0,0    0,0    0,0    2,2  06:22    N/A
 26    7,4    8,8  23:01    6,5  00:54   10,9    0,0    0,0    2,6   14,3  23:27    254
 27    8,8   11,8  12:51    6,6  23:41    9,5    0,0    0,3    9,4   25,0  14:11    284
 28    6,5    7,7  17:34    4,2  05:31   11,8    0,0    0,0    2,6   10,3  00:05    253
 29    7,3    9,3  23:50    5,6  01:33   11,1    0,0    0,0    1,3    5,8  01:42     60
 30   11,1   13,6  02:22    8,6  00:14    7,2    0,0    0,0    2,6    7,6  13:57    249
 31   12,2   17,1  15:09    9,4  11:58    6,1    0,0    0,0    0,8    7,2  15:43    355
---------------------------------------------------------------------------------------
       4,8   17,1     31  -39,9     09  419,0    0,0   28,4    4,5   25,9     23      9
    
