                   MONTHLY CLIMATOLOGICAL SUMMARY for  2022


NAME: MHI Platform                  
ELEV: 23 meters    LAT: 44-23.56 N    LONG: 033-59.07 E


                   TEMPERATURE (C), RAIN (mm), WIND SPEED (m/s)

                                         HEAT   COOL         AVG
      MEAN                               DEG    DEG          WIND                   DOM
DAY   TEMP   HIGH   TIME    LOW   TIME   DAYS   DAYS   RAIN  SPEED   HIGH   TIME    DIR
---------------------------------------------------------------------------------------
 01    6,9    7,8  13:55    3,8  00:32   11,5    0,0    0,8    5,0   12,5  00:24    219
 02    8,2   10,1  09:09    6,8  06:56   10,1    0,0    6,1    2,6    7,6  08:10     55
 03    8,2   11,2  04:11    5,2  22:09   10,2    0,0    3,0    4,6   21,5  21:31     17
 04    2,3    6,2  00:26   -0,3  18:16   16,0    0,0    0,0   10,5   26,8  18:28    328
 05    3,8    7,1  23:53    1,0  00:19   14,5    0,0    2,8    3,7   12,5  00:01    261
 06    6,3    7,8  06:29    4,7  10:25   12,0    0,0    0,3    8,3   21,9  07:35    283
 07    7,2    9,2  13:08    5,3  00:00   11,2    0,0    0,0    4,6    9,4  01:47    227
 08
 09
 10
 11
 12
 13    4,6    5,1  17:39    3,9  00:00   13,7    0,0    0,0   10,4   16,5  23:26     70
 14    4,5    6,4  16:35    2,6  06:56   13,8    0,0    0,0    4,5   14,3  00:02     54
 15    5,5    7,6  09:31    3,4  06:30   12,9    0,0    0,0    3,5    8,0  13:54    276
 16    6,3    7,4  16:00    4,4  04:12   12,0    0,0    0,0    3,3    6,7  20:32     51
 17    7,5    9,6  23:23    6,8  00:01   10,8    0,0    0,0    5,2    9,4  10:36     62
 18    9,7   12,0  15:24    8,7  23:43    8,6    0,0    2,5    8,7   24,1  22:33    307
 19    8,3    9,2  00:11    7,3  05:47   10,1    0,0    0,0    5,3   19,2  00:01    284
 20    8,2    8,8  13:39    7,0  07:11   10,2    0,0    0,0    3,7    8,5  00:43    259
 21    8,3    9,1  05:17    7,5  23:18   10,0    0,0    0,0    4,1   11,2  01:50     75
 22    8,5   10,8  03:18    7,4  01:35    9,9    0,0    0,0    6,2   11,2  06:04     71
 23    9,4   10,4  18:23    8,6  07:09    9,0    0,0    4,3    1,7    6,3  18:44     94
 24    8,3    9,3  00:00    7,6  20:38   10,0    0,0   11,9    2,3    6,7  22:58    231
 25    8,8   13,1  15:30    7,8  00:00    9,6    0,0    2,8    3,4   10,7  16:11    229
 26    7,9    8,7  15:28    7,2  21:46   10,4    0,0    0,5    3,8   10,7  00:45    167
 27    6,4    7,5  00:43    4,4  23:46   11,9    0,0    0,0    5,4   15,6  23:54     93
 28    5,7    7,3  19:15    4,1  04:53   12,7    0,0    3,3   14,1   22,8  09:15     70
---------------------------------------------------------------------------------------
       7,0   13,1     25   -0,3     04  261,1    0,0   38,4    5,3   26,8     04     30
    
