                   MONTHLY CLIMATOLOGICAL SUMMARY for  2021


NAME: MHI Platform                  
ELEV: 23 meters    LAT: 44-23.56 N    LONG: 033-59.07 E


                   TEMPERATURE (C), RAIN (mm), WIND SPEED (m/s)

                                         HEAT   COOL         AVG
      MEAN                               DEG    DEG          WIND                   DOM
DAY   TEMP   HIGH   TIME    LOW   TIME   DAYS   DAYS   RAIN  SPEED   HIGH   TIME    DIR
---------------------------------------------------------------------------------------
 01   23,1   23,7  18:22   22,6  23:39    0,0    4,8    0,0    0,0    0,0  17:06    N/A
 02   23,4   25,9  09:58   21,9  23:38    0,0    5,1    0,0    0,0    0,0  00:01    N/A
 03   22,0   23,7  10:59   21,3  15:46    0,0    3,7    0,0    0,0    0,0  00:01    N/A
 04   22,0   23,1  16:07   21,5  03:51    0,0    3,7    0,0    0,0    0,0  00:00    N/A
 05   22,6   25,2  11:04   21,2  05:18    0,0    4,3    0,0    0,0    0,4  14:23    N/A
 06   22,5   23,6  12:57   21,3  04:24    0,0    4,1    0,0    0,0    7,2  12:52    304
 07   23,0   26,4  09:52   20,6  23:49    0,0    4,7    0,0    0,0    5,4  14:46    292
 08   23,2   27,2  09:34   20,2  02:16    0,0    4,9    0,0    0,0    0,0  00:00    N/A
 09
 10
 11
 12
 13
 14
 15
 16
 17    N/A    N/A    N/A    N/A    N/A    0,0    0,0    0,0    N/A    N/A    N/A    N/A
 18   20,0   21,3  23:34   19,3  21:33    0,0    1,6    0,0    8,1   12,5  19:21     57
 19   22,5   25,7  18:04   18,3  00:28    0,0    4,2    0,0    6,2   12,1  02:43     83
 20   21,8   25,4  00:10   18,6  05:20    0,0    3,5    0,0    5,5   15,6  15:23    248
 21   21,2   25,2  21:02   19,0  03:22    0,0    2,9    0,0    2,9    8,5  14:32    227
 22   22,4   24,2  00:00   20,1  05:27    0,0    4,1    0,0    3,3   13,0  14:36    241
 23   22,3   23,5  00:04   21,6  14:52    0,0    4,0    0,0    2,5    8,5  14:34    238
 24   23,4   25,8  07:51   22,2  02:08    0,0    5,1    0,0    3,1    8,0  00:29    252
 25   23,4   25,8  01:01   22,4  07:00    0,0    5,0    1,3    2,5   15,2  00:56     81
 26   22,9   24,3  18:31   21,8  15:25    0,0    4,6   11,2    3,8   12,5  17:28    253
 27   23,4   27,2  20:44   21,6  06:01    0,0    5,1    0,0    2,1    7,6  20:08     71
 28   25,0   27,7  18:18   23,1  01:18    0,0    6,7    0,0    2,8   15,2  23:27     37
 29   25,3   27,7  11:09   23,3  23:02    0,0    6,9    0,0    7,2   15,6  14:04    294
 30   24,5   25,6  00:06   22,9  22:27    0,0    6,2    0,0    1,6    6,3  00:00     39
---------------------------------------------------------------------------------------
      23,0   27,7     28   18,3     19    0,0   95,1   12,4    2,4   15,6     20    283
    
