                   MONTHLY CLIMATOLOGICAL SUMMARY for  2021


NAME: MHI Platform                  
ELEV: 23 meters    LAT: 44-23.56 N    LONG: 033-59.07 E


                   TEMPERATURE (C), RAIN (mm), WIND SPEED (m/s)

                                         HEAT   COOL         AVG
      MEAN                               DEG    DEG          WIND                   DOM
DAY   TEMP   HIGH   TIME    LOW   TIME   DAYS   DAYS   RAIN  SPEED   HIGH   TIME    DIR
---------------------------------------------------------------------------------------
 01   15,9   16,9  21:05   14,7  03:00    2,4    0,0    0,5    7,6   15,2  13:03     67
 02   15,0   16,0  11:17   13,6  19:49    3,4    0,0    2,3    5,2   12,1  13:14    243
 03   15,4   16,9  01:32   14,1  07:01    2,9    0,0    2,8    5,0   13,9  15:36    264
 04   15,4   16,7  10:03   13,7  05:15    3,0    0,0    0,0    6,1   13,4  22:51     71
 05   15,5   17,2  11:36   14,2  18:29    2,8    0,0    0,0    8,3   14,3  01:30     75
 06   13,6   14,8  00:59   12,4  11:28    4,8    0,0    0,0    3,2    8,9  19:34     67
 07   14,5   15,2  11:33   14,1  03:38    3,9    0,0    0,0    2,4    7,6  03:29     94
 08   14,7   15,6  11:50   13,3  00:37    3,7    0,0    0,0    3,3    6,3  21:30     52
 09   13,7   16,1  10:05    9,1  23:18    4,6    0,0   13,2    5,0   26,4  20:08     23
 10    7,7   10,2  00:34    5,2  07:18   10,6    0,0    0,0    6,4   26,4  01:58     10
 11    6,9    8,2  22:19    5,3  06:54   11,5    0,0    0,0    4,4    9,4  10:10     37
 12    9,9   12,2  15:24    8,1  00:00    8,5    0,0    0,0    3,1    7,2  00:58     34
 13   11,8   13,0  15:37    9,7  00:33    6,6    0,0    0,0    4,6   10,7  23:25     51
 14   12,5   13,2  16:34   11,0  06:40    5,9    0,0    0,0    6,5   13,4  04:03     67
 15   11,4   12,8  10:11    8,9  23:54    6,9    0,0    0,0    4,4   18,8  23:35     41
 16    7,9    9,4  15:59    5,8  08:05   10,5    0,0    0,0   10,3   20,1  09:55     66
 17   10,0   12,8  15:01    5,8  04:55    8,3    0,0    0,0    6,6   13,0  21:12     69
 18   11,4   12,3  02:38   10,6  12:43    6,9    0,0    0,0    3,3   10,3  00:01     51
 19   10,4   11,9  03:35    8,6  09:39    7,9    0,0    0,0    6,5   19,2  06:55    306
 20   11,7   14,0  23:05    9,2  05:18    6,7    0,0    4,8    8,3   23,7  18:10    260
 21   12,8   13,8  00:08   10,8  07:25    5,5    0,0    0,0    7,5   16,1  15:00    257
 22   12,9   13,6  13:25   10,9  04:21    5,5    0,0    0,0    5,5   14,3  23:58    270
 23   12,7   14,8  11:19    9,9  23:38    5,6    0,0    0,3    7,7   14,8  00:00    241
 24    8,3   10,1  00:02    6,7  07:45   10,1    0,0    0,0    6,1   17,0  05:26    359
 25    7,2    7,9  00:27    6,6  03:22   11,1    0,0    0,0    5,1   10,7  12:35     55
 26   10,0   12,2  23:55    6,9  00:00    8,4    0,0    0,0    7,4   13,4  19:34     59
 27   14,0   15,2  18:22   12,2  00:00    4,4    0,0    1,3    6,5   16,1  00:31    312
 28   14,0   15,6  03:53   12,7  17:56    4,3    0,0    6,9    4,3   14,3  21:48    307
 29   15,8   20,3  17:27   13,2  02:05    2,5    0,0    2,0    7,0   21,9  18:04    293
 30   11,8   13,8  00:00    4,8  23:59    6,5    0,0   13,5   10,6   46,5  22:43    261
---------------------------------------------------------------------------------------
      12,1   20,3     29    4,8     30  185,6    0,0   47,5    5,9   46,5     30     29
    
