                   MONTHLY CLIMATOLOGICAL SUMMARY for  2022


NAME: MHI Platform                  
ELEV: 23 meters    LAT: 44-23.56 N    LONG: 033-59.07 E


                   TEMPERATURE (C), RAIN (mm), WIND SPEED (m/s)

                                         HEAT   COOL         AVG
      MEAN                               DEG    DEG          WIND                   DOM
DAY   TEMP   HIGH   TIME    LOW   TIME   DAYS   DAYS   RAIN  SPEED   HIGH   TIME    DIR
---------------------------------------------------------------------------------------
 01   14,6   17,4  09:05   13,2  21:04    3,7    0,0    1,0    1,6    6,3  09:34    348
 02   13,0   14,8  02:10   12,1  15:17    5,3    0,0    0,0    7,2   14,3  13:48     62
 03   12,4   13,7  03:47   11,4  11:22    6,0    0,0    0,0   11,7   20,6  03:45     61
 04   11,9   14,3  23:26   10,2  08:27    6,4    0,0    0,0    3,7   11,2  19:08    249
 05   14,5   17,8  10:32  -37,2  14:45    3,8    0,0   10,4    3,2   45,6  15:15    315
 06   13,3   15,2  13:53   11,4  22:41    5,1    0,0    0,3    4,1   13,0  14:40     58
 07   12,7   15,0  15:04   10,1  04:53    5,7    0,0    0,0    2,2    7,6  18:30    321
 08   13,1   14,3  08:44   11,6  23:48    5,2    0,0    0,0    2,9    8,9  09:54    312
 09   14,7   18,3  22:02   11,1  04:14    3,6    0,0    0,3    4,4   17,4  23:58    268
 10   13,9   18,5  01:54   10,9  23:52    4,4    0,0    0,5    4,5   16,5  00:53     35
 11   13,5   15,8  09:59   10,4  03:30    4,9    0,0    0,0    6,3   14,3  12:25    244
 12   14,2   16,9  19:26   12,4  04:16    4,1    0,0    0,0    4,4    9,4  16:59    238
 13   15,6   17,7  13:30   14,4  10:27    2,8    0,0    0,0    2,9    7,6  14:33    236
 14   14,6   19,7  23:48   12,8  07:44    3,7    0,0    0,0    3,1   11,6  23:47    118
 15   19,9   22,8  14:45   16,1  11:43    0,0    1,5    0,0    4,1   15,2  13:38    292
 16   17,7   20,1  18:48   14,9  11:37    0,6    0,0    0,0    7,7   17,4  15:50    261
 17   16,9   18,8  06:31   14,9  13:25    1,4    0,0    0,0    7,1   12,5  10:16    255
 18   15,9   18,4  06:35   13,7  12:30    2,4    0,0    3,0    7,2   25,0  17:48    315
 19   13,0   15,4  12:05   11,2  18:12    5,4    0,0    4,6    6,0   18,8  00:27    294
 20   14,8   17,7  07:07   13,1  00:09    3,6    0,0    0,0    9,4   17,4  18:19    263
 21   15,1   19,2  02:51   12,6  22:24    3,2    0,0    0,0    7,2   14,3  08:58    249
 22   14,5   18,3  23:40   12,4  03:21    3,8    0,0    0,3    4,5   13,4  09:28    244
 23   16,7   18,7  14:30   14,6  16:50    1,6    0,0    0,0    5,3   16,5  16:04    260
 24   14,8   17,3  16:23   13,1  03:55    3,5    0,0    3,3    2,1   10,3  01:25    295
 25   14,8   17,3  14:23   13,0  04:32    3,5    0,0    0,0    2,1    6,7  23:21    265
 26   15,1   16,2  06:19   13,8  23:51    3,2    0,0    0,0    3,9    7,2  11:56     56
 27   15,3   18,6  16:32   13,0  23:27    3,0    0,0    0,0    2,3   13,0  16:51    241
 28   15,3   17,6  16:42   11,7  04:39    3,1    0,0    0,3    1,2    4,5  08:15     88
 29   17,3   19,1  18:57   15,7  03:41    1,1    0,0    0,0    3,2   10,3  23:50     69
 30   20,0   22,9  08:09   17,6  03:37    0,0    1,7    0,0    7,9   15,6  06:02     63
 31   19,5   22,9  18:13   17,3  23:36    0,0    1,2    0,0    2,9   12,1  02:42    226
---------------------------------------------------------------------------------------
      15,1   22,9     30  -37,2     05  104,1    4,4   23,9    4,7   45,6     05    291
    
