                     CLIMATOLOGICAL SUMMARY for year 2022


NAME: MHI Platform                  
ELEV: 23 meters    LAT: 44-23.56 N    LONG: 033-59.07 E


                                       TEMPERATURE (C)

                              HEAT    COOL                              MAX    MAX    MIN    MIN
          MEAN   MEAN         DEG     DEG                                >=     <=     <=     <=
 YR  MO   MAX    MIN    MEAN  DAYS    DAYS      HI  DAY     LOW  DAY     30      0      0    -20
------------------------------------------------------------------------------------------------
2022 01    8,1    3,4    5,7  392,4    0,0    16,5   07    -1,8   18      0      0      7      0
2022 02    8,8    5,4    7,0  261,1    0,0    13,1   25    -0,3   04      0      0      1      0
2022 03    6,8    1,7    4,8  419,0    0,0    17,1   31   -39,9   09      0      0      8      1
2022 04   14,4    7,9   11,4  208,4    0,0    22,9   01   -32,6   11      0      0      1      1
2022 05   17,8   11,4   15,1  104,1    4,4    22,9   30   -37,2   05      0      0      1      1
2022 06   24,5   19,6   22,1    0,2   36,6    30,0   05    16,9   01      1      0      0      0
2022 07
2022 08
2022 09
2022 10
2022 11
2022 12
------------------------------------------------------------------------------------------------
          12,1    6,9    9,7 1385,1   41,0    30,0     -39,9        1      0     18      3


                  PRECIPITATION (mm)

                  MAX         ---DAYS OF RAIN---
                  OBS.               OVER
 YR  MO  TOTAL    DAY  DATE   0.30   3.00  30.00
------------------------------------------------
2022 01   28,4    6,6    30     13      3      0
2022 02   38,4   11,9    24     10      5      0
2022 03   28,4   21,3    01      6      1      0
2022 04   30,2    9,1    03      7      3      0
2022 05   23,9   10,4    05      6      4      0
2022 06    2,0    1,0    06      2      0      0
2022 07
2022 08
2022 09
2022 10
2022 11
2022 12
------------------------------------------------
         151,4   21,3        44     16      0


           WIND SPEED (m/s)

                                DOM
 YR  MO    AVG     HI   DATE    DIR
-----------------------------------
2022 01    7,9   30,0     18    293
2022 02    5,3   26,8     04     30
2022 03    4,5   25,9     23      9
2022 04    2,2   35,8     12    328
2022 05    4,7   45,6     05    291
2022 06    3,9   21,9     09     67
2022 07
2022 08
2022 09
2022 10
2022 11
2022 12
-----------------------------------
           4,9   45,6        324
