                   MONTHLY CLIMATOLOGICAL SUMMARY for  2021


NAME: MHI Platform                  
ELEV: 23 meters    LAT: 44-23.56 N    LONG: 033-59.07 E


                   TEMPERATURE (C), RAIN (mm), WIND SPEED (m/s)

                                         HEAT   COOL         AVG
      MEAN                               DEG    DEG          WIND                   DOM
DAY   TEMP   HIGH   TIME    LOW   TIME   DAYS   DAYS   RAIN  SPEED   HIGH   TIME    DIR
---------------------------------------------------------------------------------------
 01   14,0   15,7  13:18   11,4  03:31    4,3    0,0    0,0    7,4   18,3  16:05     62
 02   14,4   16,7  15:47   11,8  07:04    3,9    0,0    0,0    4,0   10,7  01:01     49
 03   15,3   15,9  20:24   14,4  06:07    3,1    0,0    0,0    2,7   11,6  20:19     60
 04   15,3   16,3  13:45   13,4  21:29    3,1    0,0    0,0    2,3    8,9  18:32    225
 05   14,5   18,8  09:57   11,4  06:23    3,9    0,0    0,0    0,4    5,4  18:56    217
 06   13,6   15,7  12:31   12,2  07:14    4,7    0,0    0,0    1,1    5,8  16:01    225
 07   13,6   15,3  12:51   11,4  07:08    4,8    0,0    0,0    1,0    4,9  02:12    229
 08   13,8   15,4  22:46   11,9  06:39    4,5    0,0    0,0    7,6   16,5  23:02     80
 09   13,7   14,9  00:00   12,3  09:32    4,6    0,0    0,0    8,2   17,0  09:20     71
 10   13,8   14,3  09:30   13,2  02:58    4,6    0,0    0,0    2,6    5,8  09:41     84
 11   14,2   15,5  12:20   12,7  01:56    4,1    0,0    0,0    2,6    6,7  15:08    288
 12   14,8   16,9  23:57   12,6  04:28    3,5    0,0    0,0    6,5   13,0  23:02     76
 13   16,2   19,0  04:40   14,4  23:23    2,1    0,0    1,8    7,8   21,9  20:01    237
 14   15,6   17,2  08:22   14,0  03:51    2,8    0,0    0,0    8,6   21,9  03:14     48
 15   15,3   16,9  20:14   13,9  03:04    3,1    0,0    0,0    9,3   16,1  22:25     72
 16   16,1   16,8  02:44   15,4  10:59    2,2    0,0    0,0    5,7   13,9  00:04     76
 17   16,0   17,4  09:35   15,2  06:17    2,3    0,0    0,0    2,7    6,7  16:54    345
 18   15,5   17,1  09:57   12,4  23:57    2,9    0,0    0,0    4,4   17,0  23:02      7
 19   13,0   14,5  14:41   11,6  04:05    5,4    0,0    0,0    7,5   21,9  04:27    329
 20   13,0   13,8  12:39   11,5  06:37    5,4    0,0    0,0    3,9   12,1  02:22    311
 21   14,1   15,8  17:32   11,5  01:11    4,2    0,0    0,0    5,4    9,8  17:16     50
 22   16,0   17,4  09:10   13,9  01:58    2,3    0,0    0,0    8,2   17,4  13:19    261
 23   16,3   17,9  14:55   15,1  06:12    2,0    0,0    0,0    7,9   12,1  14:27    260
 24   13,1   17,7  01:12    9,9  12:46    5,2    0,0    4,1    7,0   21,0  11:08     34
 25   10,7   11,8  10:49    9,2  05:47    7,6    0,0    0,0    5,0   15,2  04:24      7
 26   10,4   12,2  23:13    9,4  05:41    7,9    0,0    0,0    8,6   15,6  20:27     64
 27   13,0   14,7  14:56   11,7  00:05    5,3    0,0    0,0    4,6    9,8  02:34     11
 28   12,4   13,7  08:51   10,9  21:00    6,0    0,0    0,0    3,1    8,9  03:39     23
 29   13,5   15,3  15:41   11,2  04:55    4,9    0,0    0,0    3,2    9,8  20:43    334
 30   13,8   14,9  15:29   12,5  05:19    4,6    0,0    0,0   10,7   17,0  11:42     73
 31   14,2   16,1  21:05   12,3  07:19    4,1    0,0    0,0    5,9   13,0  00:38     67
---------------------------------------------------------------------------------------
      14,2   19,0     13    9,2     25  129,1    0,0    5,8    5,4   21,9     13     51
    
