                   MONTHLY CLIMATOLOGICAL SUMMARY for  2021


NAME: MHI Platform                  
ELEV: 23 meters    LAT: 44-23.56 N    LONG: 033-59.07 E


                   TEMPERATURE (C), RAIN (mm), WIND SPEED (m/s)

                                         HEAT   COOL         AVG
      MEAN                               DEG    DEG          WIND                   DOM
DAY   TEMP   HIGH   TIME    LOW   TIME   DAYS   DAYS   RAIN  SPEED   HIGH   TIME    DIR
---------------------------------------------------------------------------------------
 01   24,9   26,6  14:58   23,2  23:18    0,0    6,5    0,0    5,4   16,5  16:11    269
 02   20,8   23,6  03:12   18,2  21:16    0,0    2,4    5,1    8,7   25,0  22:53    293
 03   17,8   20,7  16:32   15,3  08:00    0,5    0,0    0,0    6,8   26,4  01:36    345
 04   19,6   22,1  14:58   17,4  04:21    0,0    1,3    0,0    6,2   16,1  15:04    313
 05   20,2   22,2  11:32   17,7  23:33    0,0    1,9    1,5    4,4   11,2  02:25     32
 06   18,8   20,2  17:30   17,3  00:50    0,0    0,5    0,0    7,1   18,3  06:46     48
 07   18,3   20,1  18:16   16,3  06:26    0,0    0,0    0,0    5,7   15,2  02:22     44
 08   20,3   22,2  17:33   18,1  00:00    0,0    2,0    0,0    9,4   17,9  09:42     68
 09   21,1   22,2  23:16   20,0  06:18    0,0    2,8    0,0   10,6   19,2  10:15     70
 10   21,5   22,6  17:27   19,9  22:12    0,0    3,2    0,0    5,4   14,8  09:16     57
 11   22,1   24,2  17:27   19,9  01:27    0,0    3,8    0,0    2,4    5,4  14:25    300
 12   20,8   21,9  17:18   19,4  04:49    0,0    2,5    0,8    3,0    7,2  02:13    360
 13   21,0   23,1  20:30   19,7  06:14    0,0    2,6    0,3    3,2    8,0  18:32      0
 14   22,5   23,6  04:30   20,8  00:44    0,0    4,1    0,0    2,4    8,5  05:14     50
 15   22,6   24,8  04:24   21,7  20:14    0,0    4,3    0,0    2,2    9,4  04:14     62
 16   21,0   22,8  02:47   18,4  23:49    0,0    2,7    0,0    3,4   16,5  05:31     31
 17   20,6   22,3  08:12   18,5  06:20    0,0    2,3    0,0    4,2    8,0  17:36    282
 18   20,0   21,4  22:13   18,5  04:26    0,0    1,7    1,0    4,6    8,5  16:28     42
 19   20,6   22,3  15:32   18,2  08:27    0,0    2,2   15,7    4,6   15,2  15:01    270
 20   20,7   22,0  17:53   19,1  04:42    0,0    2,4    0,0    4,9   11,6  12:14    264
 21   17,6   20,9  00:30   14,3  23:14    0,7    0,0    2,5    6,7   25,9  20:34      6
 22   14,8   16,3  12:49   13,8  21:26    3,5    0,0    0,0    8,4   20,6  01:58    325
 23   15,2   16,9  12:37   13,7  05:20    3,2    0,0    0,0    6,1   14,3  19:12      7
 24   15,7   18,4  22:25   13,9  00:59    2,6    0,0    5,6    9,6   22,8  22:33    274
 25   16,7   18,2  12:49   15,3  10:39    1,6    0,0    1,0    5,9   17,0  12:00    278
 26   19,1   20,9  15:55   16,2  01:52    0,0    0,8    0,0    6,6   16,5  16:20    266
 27   18,8   21,6  10:33   15,5  23:43    0,0    0,5    0,0    4,2   10,3  20:56     58
 28   16,0   16,9  17:02   14,8  04:44    2,3    0,0    0,0    3,7    8,0  23:05     42
 29   16,2   17,7  17:43   14,0  05:06    2,2    0,0    0,0    6,8   17,0  09:35     57
 30   14,9   18,8  11:18   10,6  05:19    3,4    0,0    0,0    0,6    5,8  00:29    222
---------------------------------------------------------------------------------------
      19,3   26,6     01   10,6     30   20,1   50,4   33,5    5,4   26,4     03    356
    
