                   MONTHLY CLIMATOLOGICAL SUMMARY for  2022


NAME: MHI Platform                  
ELEV: 23 meters    LAT: 44-23.56 N    LONG: 033-59.07 E


                   TEMPERATURE (C), RAIN (mm), WIND SPEED (m/s)

                                         HEAT   COOL         AVG
      MEAN                               DEG    DEG          WIND                   DOM
DAY   TEMP   HIGH   TIME    LOW   TIME   DAYS   DAYS   RAIN  SPEED   HIGH   TIME    DIR
---------------------------------------------------------------------------------------
 01   18,1   20,2  16:09   16,9  04:27    0,2    0,0    0,0    2,8    9,4  15:36    228
 02   21,6   23,7  10:16   17,8  01:17    0,0    3,3    0,0    1,6    7,2  18:17     88
 03   21,7   27,4  16:10   17,1  03:50    0,0    3,4    0,3    1,5    8,5  20:13    238
 04   25,4   28,5  18:13   21,7  02:38    0,0    7,0    0,0    2,4    8,9  09:12    242
 05   25,0   30,0  17:27   21,8  23:29    0,0    6,7    0,0    3,2   13,0  19:18    337
 06   22,4   23,7  06:03   21,2  13:31    0,0    4,1    1,0    6,4   15,6  16:38     66
 07   22,8   24,0  13:08   20,5  21:50    0,0    4,5    0,0    7,6   16,1  06:30     62
 08   22,8   25,2  08:43   20,9  16:33    0,0    4,4    0,0    7,8   14,8  10:57     69
 09   20,3   22,1  00:00   19,3  16:41    0,0    2,0    0,5    2,8   21,9  09:34     71
 10   19,6   20,1  09:06   18,6  05:08    0,0    1,2    0,3    2,1    5,8  10:23     63
 11
 12
 13
 14
 15
 16
 17
 18
 19
 20
 21
 22
 23
 24
 25
 26
 27
 28
 29
 30
---------------------------------------------------------------------------------------
      22,1   30,0     05   16,9     01    0,2   36,6    2,0    3,9   21,9     09     67
    
