                   MONTHLY CLIMATOLOGICAL SUMMARY for  2021


NAME: MHI Platform                  
ELEV: 23 meters    LAT: 44-23.56 N    LONG: 033-59.07 E


                   TEMPERATURE (C), RAIN (mm), WIND SPEED (m/s)

                                         HEAT   COOL         AVG
      MEAN                               DEG    DEG          WIND                   DOM
DAY   TEMP   HIGH   TIME    LOW   TIME   DAYS   DAYS   RAIN  SPEED   HIGH   TIME    DIR
---------------------------------------------------------------------------------------
 01    7,5    9,1  10:50    4,9  00:00   10,8    0,0    2,8   11,0   29,5  00:36    270
 02   10,4   11,6  23:46    7,9  01:06    8,0    0,0    0,0    5,5   13,4  05:10    250
 03   13,1   14,7  21:56   11,4  00:00    5,3    0,0    0,0    4,7   14,8  16:09    254
 04   13,3   15,1  15:14   11,2  20:41    5,0    0,0   12,2    4,7   13,4  03:46    259
 05   11,0   14,3  06:23    9,0  09:34    7,3    0,0    1,5    5,0   12,1  02:16      7
 06   10,6   11,9  09:32    9,6  05:48    7,7    0,0    0,0    6,9   13,4  22:13     66
 07   12,1   15,6  21:52   10,7  13:03    6,3    0,0    0,0   10,2   17,0  21:05     69
 08   12,6   17,0  01:19    9,8  23:42    5,8    0,0    0,0    7,7   17,0  07:37    276
 09    9,9   11,2  22:33    9,1  03:46    8,4    0,0    0,3    8,4   17,4  04:01    259
 10   11,8   14,9  21:27   10,8  08:13    6,5    0,0    0,0    9,2   17,9  22:45     77
 11   12,8   15,2  01:02   11,7  17:43    5,5    0,0    0,0    5,3   17,9  00:49     77
 12   13,1   17,2  03:24   11,8  09:36    5,3    0,0    0,3   11,9   19,7  06:57     68
 13   12,4   13,7  09:27   11,2  22:40    5,9    0,0    0,0    3,9   12,1  01:59     68
 14   11,1   12,5  03:30    9,8  23:46    7,2    0,0    3,0    3,4    8,5  17:50    102
 15   10,8   12,6  12:34    9,7  23:48    7,5    0,0    7,1    6,0   13,9  23:11     73
 16   10,0   10,7  02:20    9,1  23:22    8,3    0,0    4,6    6,3   13,4  00:01     87
 17    8,8   10,2  07:58    6,9  23:33    9,6    0,0    1,3    6,6   18,8  23:27    275
 18    6,4    7,8  11:51    4,9  20:22   11,9    0,0    0,0    8,3   19,7  01:06    358
 19    6,0    7,5  23:27    3,8  08:33   12,3    0,0    0,0    6,7   18,3  22:46    269
 20    6,8    8,7  04:28    4,6  21:39   11,6    0,0   11,2    8,6   23,7  22:11    277
 21    3,0    5,5  04:34   -1,7  23:47   15,4    0,0    0,5    9,2   23,7  20:54    321
 22   -1,7    0,2  13:53   -4,3  06:03   20,1    0,0    0,0    7,9   28,2  04:10    309
 23   -0,4    1,2  16:10   -2,2  01:55   18,7    0,0    0,0    6,8   21,5  07:18    344
 24    3,5    9,7  23:48   -0,7  00:53   14,8    0,0   10,4    8,9   23,7  21:37    233
 25   10,3   10,7  23:37    9,7  00:00    8,1    0,0    1,3   13,7   21,9  00:38    256
 26   10,7   10,9  01:39   10,2  23:13    7,6    0,0    0,0    8,6   16,1  08:01    261
 27    8,3   10,4  01:35    7,0  09:40   10,0    0,0    3,6    8,1   13,0  05:42     67
 28    9,9   10,9  16:32    8,9  00:00    8,4    0,0    4,8    5,4   13,0  20:04    320
 29    9,4   11,0  08:15    8,8  02:19    9,0    0,0    0,0    7,3   13,9  02:03    250
 30    9,0    9,7  02:23    8,6  05:57    9,3    0,0    0,0    6,4   12,5  10:44     67
 31    8,9   11,6  14:48    7,8  22:20    9,5    0,0    0,0    2,3   13,0  17:48    232
---------------------------------------------------------------------------------------
       9,1   17,2     12   -4,3     22  287,0    0,0   64,8    7,3   29,5     01    317
    
