                   MONTHLY CLIMATOLOGICAL SUMMARY for  2021


NAME: MHI Platform                  
ELEV: 23 meters    LAT: 44-23.56 N    LONG: 033-59.07 E


                   TEMPERATURE (C), RAIN (mm), WIND SPEED (m/s)

                                         HEAT   COOL         AVG
      MEAN                               DEG    DEG          WIND                   DOM
DAY   TEMP   HIGH   TIME    LOW   TIME   DAYS   DAYS   RAIN  SPEED   HIGH   TIME    DIR
---------------------------------------------------------------------------------------
 01   24,1   25,4  18:34   22,4  05:31    0,0    5,7    0,0    3,6    6,7  14:42     67
 02   25,8   27,8  09:00   23,9  23:18    0,0    7,5    0,0    5,9   13,9  08:37     78
 03   25,3   27,7  20:07   23,7  00:54    0,0    6,9    0,0    2,7   12,1  20:08     35
 04   21,8   27,2  00:00    1,3  02:04    0,0    3,4   50,8    4,1   19,2  00:42    339
 05   21,7   26,1  09:01   19,5  19:39    0,0    3,4    0,3    8,7   17,0  11:55    262
 06   21,7   22,7  15:34   19,7  01:50    0,0    3,3    2,5    5,8   11,2  01:08    261
 07   22,4   23,7  18:36   20,9  05:02    0,0    4,1    2,0    3,7    8,9  12:38     64
 08   26,1   29,2  15:21   22,3  02:32    0,0    7,8    0,0    4,9   16,5  14:20     69
 09   27,5   29,3  10:56   25,3  03:44    0,0    9,1    0,0    6,7   15,2  11:56     64
 10   27,9   29,8  18:34   24,9  08:25    0,0    9,5    0,0    4,6   11,6  02:12     63
 11   27,7   30,3  00:48   24,9  23:54    0,0    9,3    0,0    4,4   12,5  09:42     83
 12   25,8   28,0  16:49   24,4  05:08    0,0    7,4    0,0    2,7    8,0  17:38    255
 13   25,7   27,9  23:59   23,8  04:44    0,0    7,3    0,0    2,1   13,0  23:38     67
 14   28,2   31,2  17:20   25,5  03:59    0,0    9,9    0,0    3,4   12,1  00:01    255
 15   30,5   32,4  19:03   26,6  00:48    0,0   12,2    0,0    5,4   11,2  04:21     67
 16   29,7   32,9  09:11   27,7  15:27    0,0   11,4    0,0    4,6   12,5  09:34     75
 17   30,2   32,4  09:46   27,3  00:11    0,0   11,9    0,0    6,7   13,0  08:18     77
 18   29,3   30,9  15:23   27,7  02:20    0,0   11,0    0,0    1,7    4,9  01:52    300
 19   28,6   30,6  23:48   26,8  06:18    0,0   10,3    0,0    2,5    7,2  16:54    288
 20   28,4   30,6  00:21   27,2  22:57    0,0   10,1    0,0    3,6    9,4  23:33    257
 21   27,4   30,7  13:55   25,2  23:35    0,0    9,0    0,3    8,3   25,9  22:38    281
 22   24,1   26,7  15:31   22,1  10:18    0,0    5,7    4,1   10,1   31,3  23:24    282
 23   25,2   26,8  11:25   23,4  00:27    0,0    6,9    0,0    6,4   28,6  01:49      4
 24   24,1   25,3  19:14   22,8  06:31    0,0    5,7    0,0    3,7   11,2  04:09    353
 25   25,9   28,4  18:50   22,8  01:22    0,0    7,6    0,0    3,8   12,1  08:05     58
 26   28,5   31,6  11:13   26,3  00:22    0,0   10,2    0,0    5,2   15,6  10:54     75
 27   28,3   32,1  13:24   25,7  05:20    0,0   10,0    0,0    3,4    9,8  19:26     86
 28   26,0   27,5  21:08   24,2  05:50    0,0    7,7    0,0    2,8   10,7  19:39    292
 29   26,2   29,2  20:02   24,9  00:58    0,0    7,9    0,0    2,7   12,5  17:18    258
 30   25,9   29,0  22:35   24,3  05:34    0,0    7,6    0,0    6,5   15,6  14:23    260
 31   26,5   28,1  10:15   25,2  04:49    0,0    8,2    0,0    1,7    5,8  02:31    270
---------------------------------------------------------------------------------------
      26,3   32,9     16    1,3     04    0,0  248,2   59,9    4,6   31,3     22     13
    
