                     CLIMATOLOGICAL SUMMARY for year 2021


NAME: MHI Platform                  
ELEV: 23 meters    LAT: 44-23.56 N    LONG: 033-59.07 E


                                       TEMPERATURE (C)

                              HEAT    COOL                              MAX    MAX    MIN    MIN
          MEAN   MEAN         DEG     DEG                                >=     <=     <=     <=
 YR  MO   MAX    MIN    MEAN  DAYS    DAYS      HI  DAY     LOW  DAY     30      0      0    -20
------------------------------------------------------------------------------------------------
2021 01
2021 02
2021 03
2021 04
2021 05
2021 06   25,1   21,2   23,0    0,0   95,1    27,7   28    18,3   19      0      0      0      0
2021 07   28,8   23,6   26,3    0,0  248,2    32,9   16     1,3   04     11      0      0      0
2021 08   28,3   23,8   26,2    0,0  245,1    32,4   03     1,3   10      5      0      0      0
2021 09   21,2   17,3   19,3   20,1   50,4    26,6   01    10,6   30      0      0      0      0
2021 10   15,9   12,4   14,2  129,1    0,0    19,0   13     9,2   25      0      0      0      0
2021 11   13,8   10,1   12,1  185,6    0,0    20,3   29     4,8   30      0      0      0      0
2021 12   11,1    7,4    9,1  287,0    0,0    17,2   12    -4,3   22      0      0      4      0
------------------------------------------------------------------------------------------------
          20,4   16,3   18,4  621,7  638,8    32,9      -4,3       16      0      4      0


                  PRECIPITATION (mm)

                  MAX         ---DAYS OF RAIN---
                  OBS.               OVER
 YR  MO  TOTAL    DAY  DATE   0.30   3.00  30.00
------------------------------------------------
2021 01
2021 02
2021 03
2021 04
2021 05
2021 06   12,4   11,2    26      2      1      0
2021 07   59,9   50,8    04      4      2      1
2021 08   12,2    5,8    11      4      2      0
2021 09   33,5   15,7    19      8      3      0
2021 10    5,8    4,1    24      2      1      0
2021 11   47,5   13,5    30      9      4      0
2021 12   64,8   12,2    04     13      8      0
------------------------------------------------
         236,2   50,8        42     21      1


           WIND SPEED (m/s)

                                DOM
 YR  MO    AVG     HI   DATE    DIR
-----------------------------------
2021 01
2021 02
2021 03
2021 04
2021 05
2021 06    2,4   15,6     20    283
2021 07    4,6   31,3     22     13
2021 08    5,0   25,5     13      6
2021 09    5,4   26,4     03    356
2021 10    5,4   21,9     13     51
2021 11    5,9   46,5     30     29
2021 12    7,3   29,5     01    317
-----------------------------------
           5,3   46,5         11
