                   MONTHLY CLIMATOLOGICAL SUMMARY for  2022


NAME: MHI Platform                  
ELEV: 23 meters    LAT: 44-23.56 N    LONG: 033-59.07 E


                   TEMPERATURE (C), RAIN (mm), WIND SPEED (m/s)

                                         HEAT   COOL         AVG
      MEAN                               DEG    DEG          WIND                   DOM
DAY   TEMP   HIGH   TIME    LOW   TIME   DAYS   DAYS   RAIN  SPEED   HIGH   TIME    DIR
---------------------------------------------------------------------------------------
 01   14,0   22,9  19:44    9,8  01:15    4,4    0,0    0,0    0,9    7,2  21:32     68
 02   13,8   19,7  00:28   11,1  23:41    4,5    0,0    0,0    3,0   14,8  13:47    257
 03   10,6   13,8  02:03    8,9  11:51    7,7    0,0    9,1    2,4   12,1  18:40    255
 04    8,6   10,7  03:32    6,4  23:46    9,7    0,0    0,0    2,0   10,3  05:13    259
 05    7,0    8,1  16:30    5,2  06:55   11,3    0,0    0,0    0,9    6,7  09:06    247
 06    7,9    9,4  17:30    5,9  04:21   10,4    0,0    0,0    0,6    3,6  09:19    267
 07   10,5   14,6  17:44    7,9  05:22    7,9    0,0    0,0    3,3   10,7  18:36     71
 08   10,0   13,2  00:00    8,5  12:45    8,4    0,0    2,0    3,4   15,6  16:55    252
 09   12,8   16,9  18:06    9,5  00:08    5,5    0,0    0,0    1,3    6,7  23:49     72
 10   10,7   12,3  02:49   10,1  10:30    7,7    0,0    0,0    1,3    5,8  02:28     72
 11   12,3   15,9  15:38  -32,6  13:32    6,0    0,0    2,5    3,4   19,7  23:15    350
 12    9,3   10,6  00:00    7,7  08:37    9,0    0,0    0,0   10,8   35,8  07:53    329
 13    8,3    9,8  09:59    6,2  18:56   10,1    0,0    0,8    5,3   23,7  20:24    256
 14   10,4   14,5  15:28    8,2  00:04    7,9    0,0    0,3    1,9   16,5  00:26    260
 15    9,9   11,5  15:33    9,0  23:24    8,4    0,0    0,0    0,4    3,6  00:47     85
 16    9,1    9,6  14:48    8,6  08:37    9,2    0,0    0,0    1,6    3,6  09:18     74
 17   10,1   11,9  22:51    8,5  03:51    8,3    0,0    0,0    1,5    5,8  11:12     73
 18   12,6   16,3  17:37   10,1  08:04    5,7    0,0    1,8    0,9    9,4  02:19     67
 19    9,5   11,9  01:19    8,2  23:59    8,8    0,0    8,9    1,4    6,3  11:17     88
 20    8,6    9,4  08:15    7,8  00:10    9,8    0,0    0,0    3,2   13,0  03:17    257
 21    9,2   11,9  17:32    7,6  09:05    9,1    0,0    4,8    1,8    9,8  15:58    338
 22    8,8    9,7  23:39    7,1  03:03    9,5    0,0    0,0    1,4    4,9  23:52     79
 23   11,3   15,7  22:36    8,8  04:30    7,1    0,0    0,0    4,9   10,3  17:46     69
 24   13,0   19,2  01:38   11,2  03:53    5,3    0,0    0,0    1,8    8,9  12:54    247
 25   14,7   19,5  01:02   11,4  07:29    3,7    0,0    0,0    3,2    9,4  08:58     78
 26   13,6   16,1  18:55   11,1  05:43    4,7    0,0    0,0    0,0    3,1  00:18    247
 27   17,0   20,4  16:29   13,4  00:00    1,3    0,0    0,0    0,0    2,7  22:35     81
 28   16,0   19,5  17:05   14,1  06:12    2,4    0,0    0,0    0,3    4,0  11:04     83
 29   17,1   19,7  12:04   14,8  02:23    1,2    0,0    0,0    1,9    9,8  12:18     76
 30   14,9   18,2  00:56   13,4  21:48    3,5    0,0    0,0    2,3    8,0  18:13    264
---------------------------------------------------------------------------------------
      11,4   22,9     01  -32,6     11  208,4    0,0   30,2    2,2   35,8     12    328
    
